Start Of Writing: 2015-01-25 10:25:11.598588

TIME: 0.6
I Received: [6, 7, 3, 1, 1]
First Move: 3 1
List: [[[0, 0, 0, 0, 0, 0, 0], [0, 0, 0, 0, 0, 0, 0], [0, 0, 0, 0, 0, 0, 0], [0, 0, 0, 0, 0, 0, 0], [1, 0, 0, 0, 0, 0, 0], [2, 0, 0, 1, 0, 0, 0]], None, [[0, 0, 0, 0, 0, 0, 0], [0, 0, 0, 0, 0, 0, 0], [0, 0, 0, 0, 0, 0, 0], [0, 0, 0, 0, 0, 0, 0], [0, 0, 0, 0, 0, 0, 0], [2, 1, 0, 1, 0, 0, 0]], None, [[0, 0, 0, 0, 0, 0, 0], [0, 0, 0, 0, 0, 0, 0], [0, 0, 0, 0, 0, 0, 0], [0, 0, 0, 0, 0, 0, 0], [0, 0, 0, 0, 0, 0, 0], [2, 0, 1, 1, 0, 0, 0]], None, [[0, 0, 0, 0, 0, 0, 0], [0, 0, 0, 0, 0, 0, 0], [0, 0, 0, 0, 0, 0, 0], [0, 0, 0, 0, 0, 0, 0], [0, 0, 0, 1, 0, 0, 0], [2, 0, 0, 1, 0, 0, 0]], [[0, 0, 0, 0, 0, 0, 0], [0, 0, 0, 0, 0, 0, 0], [0, 0, 0, 0, 0, 0, 0], [0, 0, 0, 0, 0, 0, 0], [0, 0, 0, 0, 0, 0, 0], [2, 0, 0, 0, 0, 0, 0]], [[0, 0, 0, 0, 0, 0, 0], [0, 0, 0, 0, 0, 0, 0], [0, 0, 0, 0, 0, 0, 0], [0, 0, 0, 0, 0, 0, 0], [0, 0, 0, 0, 0, 0, 0], [2, 0, 0, 1, 1, 0, 0]], None, [[0, 0, 0, 0, 0, 0, 0], [0, 0, 0, 0, 0, 0, 0], [0, 0, 0, 0, 0, 0, 0], [0, 0, 0, 0, 0, 0, 0], [0, 0, 0, 0, 0, 0, 0], [2, 0, 0, 1, 0, 1, 0]], None, [[0, 0, 0, 0, 0, 0, 0], [0, 0, 0, 0, 0, 0, 0], [0, 0, 0, 0, 0, 0, 0], [0, 0, 0, 0, 0, 0, 0], [0, 0, 0, 0, 0, 0, 0], [2, 0, 0, 1, 0, 0, 1]], None]
Player: 1 Explorer: [0, None, 0, None, 0, None, 0, 0, 0, None, 0, None, 0, None]
List: [[[0, 0, 0, 0, 0, 0, 0], [0, 0, 0, 0, 0, 0, 0], [1, 0, 0, 0, 0, 0, 0], [2, 0, 0, 0, 0, 0, 0], [1, 0, 0, 0, 0, 0, 0], [2, 0, 0, 1, 0, 0, 0]], None, [[0, 0, 0, 0, 0, 0, 0], [0, 0, 0, 0, 0, 0, 0], [0, 0, 0, 0, 0, 0, 0], [2, 0, 0, 0, 0, 0, 0], [1, 0, 0, 0, 0, 0, 0], [2, 1, 0, 1, 0, 0, 0]], None, [[0, 0, 0, 0, 0, 0, 0], [0, 0, 0, 0, 0, 0, 0], [0, 0, 0, 0, 0, 0, 0], [2, 0, 0, 0, 0, 0, 0], [1, 0, 0, 0, 0, 0, 0], [2, 0, 1, 1, 0, 0, 0]], None, [[0, 0, 0, 0, 0, 0, 0], [0, 0, 0, 0, 0, 0, 0], [0, 0, 0, 0, 0, 0, 0], [2, 0, 0, 0, 0, 0, 0], [1, 0, 0, 1, 0, 0, 0], [2, 0, 0, 1, 0, 0, 0]], [[0, 0, 0, 0, 0, 0, 0], [0, 0, 0, 0, 0, 0, 0], [0, 0, 0, 0, 0, 0, 0], [2, 0, 0, 0, 0, 0, 0], [1, 0, 0, 0, 0, 0, 0], [2, 0, 0, 0, 0, 0, 0]], [[0, 0, 0, 0, 0, 0, 0], [0, 0, 0, 0, 0, 0, 0], [0, 0, 0, 0, 0, 0, 0], [2, 0, 0, 0, 0, 0, 0], [1, 0, 0, 0, 0, 0, 0], [2, 0, 0, 1, 1, 0, 0]], None, [[0, 0, 0, 0, 0, 0, 0], [0, 0, 0, 0, 0, 0, 0], [0, 0, 0, 0, 0, 0, 0], [2, 0, 0, 0, 0, 0, 0], [1, 0, 0, 0, 0, 0, 0], [2, 0, 0, 1, 0, 1, 0]], None, [[0, 0, 0, 0, 0, 0, 0], [0, 0, 0, 0, 0, 0, 0], [0, 0, 0, 0, 0, 0, 0], [2, 0, 0, 0, 0, 0, 0], [1, 0, 0, 0, 0, 0, 0], [2, 0, 0, 1, 0, 0, 1]], None]
Player: 1 Explorer: [0, None, 0, None, 0, None, 0, 0, 0, None, 0, None, 0, None]
List: [[[0, 0, 0, 0, 0, 0, 0], [1, 0, 0, 0, 0, 0, 0], [1, 0, 0, 0, 0, 0, 0], [2, 0, 0, 0, 0, 0, 0], [1, 0, 0, 2, 0, 0, 0], [2, 0, 0, 1, 0, 0, 0]], None, [[0, 0, 0, 0, 0, 0, 0], [0, 0, 0, 0, 0, 0, 0], [1, 0, 0, 0, 0, 0, 0], [2, 0, 0, 0, 0, 0, 0], [1, 0, 0, 2, 0, 0, 0], [2, 1, 0, 1, 0, 0, 0]], None, [[0, 0, 0, 0, 0, 0, 0], [0, 0, 0, 0, 0, 0, 0], [1, 0, 0, 0, 0, 0, 0], [2, 0, 0, 0, 0, 0, 0], [1, 0, 0, 2, 0, 0, 0], [2, 0, 1, 1, 0, 0, 0]], None, [[0, 0, 0, 0, 0, 0, 0], [0, 0, 0, 0, 0, 0, 0], [1, 0, 0, 0, 0, 0, 0], [2, 0, 0, 1, 0, 0, 0], [1, 0, 0, 2, 0, 0, 0], [2, 0, 0, 1, 0, 0, 0]], [[0, 0, 0, 0, 0, 0, 0], [0, 0, 0, 0, 0, 0, 0], [1, 0, 0, 0, 0, 0, 0], [2, 0, 0, 0, 0, 0, 0], [1, 0, 0, 0, 0, 0, 0], [2, 0, 0, 2, 0, 0, 0]], [[0, 0, 0, 0, 0, 0, 0], [0, 0, 0, 0, 0, 0, 0], [1, 0, 0, 0, 0, 0, 0], [2, 0, 0, 0, 0, 0, 0], [1, 0, 0, 2, 0, 0, 0], [2, 0, 0, 1, 1, 0, 0]], None, [[0, 0, 0, 0, 0, 0, 0], [0, 0, 0, 0, 0, 0, 0], [1, 0, 0, 0, 0, 0, 0], [2, 0, 0, 0, 0, 0, 0], [1, 0, 0, 2, 0, 0, 0], [2, 0, 0, 1, 0, 1, 0]], None, [[0, 0, 0, 0, 0, 0, 0], [0, 0, 0, 0, 0, 0, 0], [1, 0, 0, 0, 0, 0, 0], [2, 0, 0, 0, 0, 0, 0], [1, 0, 0, 2, 0, 0, 0], [2, 0, 0, 1, 0, 0, 1]], None]
Player: 1 Explorer: [0, None, 0, None, 0, None, 0, 0, 0, None, 0, None, 0, None]
List: [None, None, [[2, 0, 0, 0, 0, 0, 0], [1, 0, 0, 0, 0, 0, 0], [1, 0, 0, 0, 0, 0, 0], [2, 0, 0, 0, 0, 0, 0], [1, 0, 0, 2, 0, 0, 0], [2, 1, 0, 1, 0, 0, 0]], None, [[2, 0, 0, 0, 0, 0, 0], [1, 0, 0, 0, 0, 0, 0], [1, 0, 0, 0, 0, 0, 0], [2, 0, 0, 0, 0, 0, 0], [1, 0, 0, 2, 0, 0, 0], [2, 0, 1, 1, 0, 0, 0]], None, [[2, 0, 0, 0, 0, 0, 0], [1, 0, 0, 0, 0, 0, 0], [1, 0, 0, 0, 0, 0, 0], [2, 0, 0, 1, 0, 0, 0], [1, 0, 0, 2, 0, 0, 0], [2, 0, 0, 1, 0, 0, 0]], [[2, 0, 0, 0, 0, 0, 0], [1, 0, 0, 0, 0, 0, 0], [1, 0, 0, 0, 0, 0, 0], [2, 0, 0, 0, 0, 0, 0], [1, 0, 0, 0, 0, 0, 0], [2, 0, 0, 2, 0, 0, 0]], [[2, 0, 0, 0, 0, 0, 0], [1, 0, 0, 0, 0, 0, 0], [1, 0, 0, 0, 0, 0, 0], [2, 0, 0, 0, 0, 0, 0], [1, 0, 0, 2, 0, 0, 0], [2, 0, 0, 1, 1, 0, 0]], None, [[2, 0, 0, 0, 0, 0, 0], [1, 0, 0, 0, 0, 0, 0], [1, 0, 0, 0, 0, 0, 0], [2, 0, 0, 0, 0, 0, 0], [1, 0, 0, 2, 0, 0, 0], [2, 0, 0, 1, 0, 1, 0]], None, [[2, 0, 0, 0, 0, 0, 0], [1, 0, 0, 0, 0, 0, 0], [1, 0, 0, 0, 0, 0, 0], [2, 0, 0, 0, 0, 0, 0], [1, 0, 0, 2, 0, 0, 0], [2, 0, 0, 1, 0, 0, 1]], None]
Player: 1 Explorer: [None, None, 0, None, 0, None, 0, 0, 0, None, 0, None, 0, None]
